3,2
3,1
3,3
10,232
10,34
10,123
10,228
10,294
10,138
11,11
11,14
11,24
8,15
8,14
8,5
8,9
8,6
8,13
8,2
8,3
51,5
51,4
51,3
51,2
51,1
51,0
49,6
49,5
49,4
49,3
49,2
49,1
49,0
45,6
45,5
45,4
45,3
45,1
41,6
41,5
41,3
41,2
41,1
37,3
37,2
37,1
36,3
36,1
35,3
35,2
35,1
34,5
34,4
34,3
34,2
34,1
31,3
31,1
29,4
29,3
29,2
29,1
28,3
28,1
20,3
2,2
20,2
20,1
19,3
19,2
19,1
18,3
18,1
14,3
14,1
13,3
13,1
12,3
12,2
12,1
11,30
11,29
11,28
11,27
11,23
11,22
11,20
11,19
11,18
11,17
11,15
11,13
11,10
11,9
11,8
11,7
11,5
11,4
11,3
11,2
11,1
10,285
10,284
10,265
10,264
10,263
10,252
